8474337369
7637746189
7887233511
8357651039
7622800824
7215400323
9452706955
9014274576
9391491627
8375779756
9925434121
8599465287
7214844075
7111917696
9364405867
8300356932
6703055664
8824790008
8461974184
7974042475
7030407620
6744858305
7784426150
7033820886
9831877173
9820766375
7705231398
8602897789
9524673882
9571162814
7836552326
8204859119
8861795808
7405034118
8091399008
8700101551
8610088608
7984389405
7970975626
8164373705
8417448322
6731135254
7555867752
7115899271
8998185003
8170396683
7188354727
7046056278
6781757952
9755945178
7978108577
9679033101
8755342442
8585144063
9392884321
7438421186
8787178982
8194141106
9622011251
8677810644
9737752361
7040231423
6741530142
6659575282
8716215074
8996782696
9870497179
7827003757
6744550697
8377010701
9321874718
8823932024
6871101821
9855082298
7254651862
9109877835
7591161827
8411321957
8674198235
9543074571
8872651047
8661683573
7881164487
8285059714
7819036016
8907681278
9250672021
7870146635
8277681566
6704116390
8850600703
9881584986
7440064165
9107644182
9702640365
9092227281
9825836265
9133920171
9698132768
9697965044
9799528858
6881898080
6618344288
9833767172
9407345222
8471347658
8935002455
7921847578
8626489777
7949834937
9492279489
7762089829
9848958711
8215501447
9193569392
8937587976
9104816743
9030882837
8038562809
9071537669
8407185222
7461848854
6895951793
7148244519
6677787396
9633858833
8082526283
8512926663
8289343809
6865131306
7314219491
9069395045
9177065838
8774240789
7660278587
8830095693
6925569646
8489911224
7012826629
7364181165
8562771389
8966043711
9600788169
7577501146
6816364556
7171532633
7298961504
9812210581
8079437334
9128628900
9594388378
7757572503
8419308585
7004077664
9243078026
9712075281
8027115308
9088847599
9594240800
7495768111
8353323508
6835271525
7910907183
8086546201
9736161095
8556976997
7690673858
8075490893
7472652346
9649453287
7610656598
9735197845
7830873111
6834128839
8816629330
8294212499
9870181450
8345934861
7446306177
9875916912
8612453089
7338307924
8979091716
7487734635
7457683402
9371179595
7824736853
8462680666
7674997901
8153258619
7080200270
8739420748
8329752851
7447476654
9461270955
6904475919
6889082362
8860252896
8306775905
7367256883
7134369983
8150034439
7897676248
8667178646
9637884170
7066903132
8437926222
8993933116
7615929935
7854119559
9730498312
9131450052
7282478447
7157497662
7513763114
7181581423
7184769263
8888761233
7039235944
8149105587
9641215867
8378686180
6926369381
8201499974
7149350587
9094870627
9943934088
7974427119
8575878253
9188402309
8800301687
7585605282
9136799203
6648112128
8399803437
9060843513
8406240353
7446142679
6867713765
8456227719
6630161884
9695948083
9351659997
8801052312
6623856654
7135464494
7432830602
7211152909
7522085016
9764036766
9186473950
8545687752
8521642911
8130558022
9846874722
7076474048
8823156092
8003934571
7326061745
7945722220
8069193818
8558597987
7836214184
9562961600
9880305570
7193814951
8347861065
7012862601
8968183918
8316170647
8149486765
7485137769
9144180024
9794115817
9128847372
9276172424
9697521431
8156292877
9254432251
9222893236
8013676781
9924975279
7839485499
7029162166
7466490368
9423135578
9797549273
6872421966
9068062611
7279602186
8506269918
8618340673
8476297370
7102784127
8912814945
8654933191
8927933740
6756003377
9447352378
7981607428
7258185004
8140323746
9981599522
7467828134
7703325106
8826969303
7962318776
8511415942
6913344758
8871913551
7468604394
9707917256
8185675511
9533687347
9765797032
9945310087
7361352865
9365230922
8953304495
6696762890
8987478918
9251636496
8463435694
7959075032
7493638087
8578840280
9977266968
7395197854
6913205405
7769976922
7154650675
9714946851
7161799402
9665147971
9521685622
7235055877
8343625217
9957843575
9461053956
9695992389
6716461609
7932828344
8578475121
7864236400
6768068346
6687016222
9050783618
8538766539
9053894035
8879472832
9920646960
8950051502
7596623124
9889670441
9258128470
9686852820
7598552175
8423856653
7062615472
9600715716
6954228379
8799102945
6941713649
6901073689
8119541778
8915085435
7029224414
6847667479
8842855938
6806905539
9849919442
7699809830
6812025798
7249292209
9337057301
6796441847
9486709096
8035628034
8433255786
8703849857
6790026916
8983193875
8438181117
7231630497
6845892413
6824123198
9134730441
8791214438
8415897548
8482296822
8885923720
8491095140
6668793014
7993879440
9523352385
9196811677
8828120686
7792182447
9335265559
7041328675
9836236057
9089999196
8020869677
8197083674
8082860605
7768544334
9163416676
8797625357
9957895941
7720707350
8161355505
6992402988
6730352499
8913830854
7104267189
9751989661
8973057583
8338483568
7165915908
9699086794
7845237603
7731552918
7232498074
9267709424
8397471765
7660771785
6672214232
7978709773
9721002692
8260249130
9467820693
7360745801
9126506166
8038632441
9821579264
9072464418
6622685058
7750196869
9354293685
9603260916
7944006922
9357823842
7246248214
7003058605
6906145186
7794770186
9780941122
9552579884
9861145657
7075246857
8169186732
8448434112
7805610725
7310380068
8017006261
8719155657
7861899485
7463473111
6824114332
6617593520
9868346854
8385970978
7093308876
8273532189
8102029533
7547485637
8285553737
8122711266
9566394159
8539871307
9060200824
7078621924
8192821811
9231913053
7162500513
7633452680
6715719302
9213691544
8552861244
9677517210
7688954149
8310268136
8228965828
9243946249
9079739842
6781168114
9568727327
8774946375
9814709257
7768663166
9058766741
8340560392
9066622848
9905684580
8354980615
9930734142
7966701948
8420658675
9057097386
9346421662
9098574658
8509629219
8650214121
7871289610
7756758582
9987565168
7908782364
9022086883
8471422608
8103469203
8960099487
8214808580
9956510837
8518696819
8198823093
9692190095
9361922960
7261461812
7375490927
8735096217
9758824199
8220163698
9257857896
8593843990
7474696638
7497795906
8868701722
6636085482
8729168662
9730496846
9623832662
9640157641
7232340153
9325466799
9816548190
7647118187
8170863477
6843940066
9329551874
6645434097
9521975580
7076705663
7016243302
8042238242
9519835922
8321729347
6804915498
8571618256
8320793007
6756362678
8057040452
8919068601
6995045876
9255037779
6962732224
7848712870
7514176185
7420467589
7869470702
8703662160
9890483008
6907652563
9594778523
9623895260
7005533776
7662179302
8662656460
9375052245
9895122669
7438141086
8791372504
7044709823
6752514254
8743782177
8702219322
7479066300
7493779731
9896444225
9225410152
9785034275
7317304217
8525213973
8870010231
7614873512
9056925908
7948604398
8780519047
8329743924
7934570478
6647668867
7461629266
9526353686
8115599210
8743122139
8645290186
8302020690
8773606966
9108289419
7975345062
8854660412
9207674262
9307728881
7547510775
8716093640
7113958129
8559051638
8863479603
9163774259
8447924267
6845159628
9851275238
7261465113
9624648493
8703182217
8579951066
7817661874
6658434672
9485608218
9649317249
8479079477
9418219275
6977303741
8903220241
9010896823
9035544832
8714635851
7629965256
6779744453
8673468471
8379532608
6706086002
9852989087
7415222446
9968043290
8903957514
8591728160
8341963128
9508072436
9272130847
6753865344
8739653914
8326544424
9710749365
7304301831
7411203166
6995913857
9170305618
7950952810
7421018440
7258996767
8216084119
6876859861
6623105521
7579976906
8329410928
9541864645
9698563874
8765603349
9875770017
9935963039
9914186758
9117727483
9551687338
7874996677
9813188786
7345995543
8149337733
8353037104
7220104493
8528943925
9756155058
9126469444
7758730482
7757205369
7985897933
9280062358
8497813814
8888504188
9304683015
8879140065
7409512389
9712482701
8109772055
8771760922
7407983371
7529946363
8241077251
9514864584
7236446632
7806296223
9053009347
7597268973
9426355662
6606769254
7866659157
8535253852
6986082299
6698225347
9018589702
9599049564
7801176951
8398034639
7107524936
8082911174
7327707172
9871872751
7534676890
7008425110
9733070528
9422073508
9700318242
9682257707
7937446291
7022640755
9226122025
8936424981
8872242510
7190861794
9083522766
6971937813
8196851798
7972848125
8134189680
7714832190
7186299259
9940616456
6670571437
7506229086
6694617971
8150757537
8188723961
7857241949
8597869071
6952037198
6606297371
9057667137
7789572353
6887386360
8411918495
7964103741
9802344783
6740179934
9442725061
9118222147
7337747835
8660141058
9063323005
9111928415
9957889979
9710478108
7061462136
7597579059
6665473482
6852465239
9727196754
8927088090
8270339024
8388524823
7895589544
9977877150
9987743977
8509106862
7296407414
9104949632
9762691707
7696265821
9615358673
6914607437
6852405095
6883345885
9278960145
6793431195
7846466839
8656067342
6900500643
8560906991
9330973624
8091022675
7678003138
8236733135
8490768180
9108379345
9903974397
7891860025
9423621301
8676637369
6909329957
9795599036
6847182045
8985563734
7815195144
7765266060
7013448722
9960808454
8981852919
7982222373
6895489591
7681647344
8650003151
8571556992
8861271016
7012787731
8938253344
7548738570
9453497742
8298892286
7826192225
7142013425
7821022365
9434206833
9020757576
6610388363
9104187719
7702789259
7502734891
8030838227
9709049491
7661387962
9705022453
8413282764
8032342721
6727555471
9011114869
8504359820
8562309054
8766588533
9882752243
7015163542
9925172277
8314515466
8734114368
7849138172
9142476305
8546079981
9083465911
7900641643
7006825796
7940963480
7147444697
9529591587
9086777590
7809739102
9775201487
8697696932
9060334647
6860424346
6683612016
9779413843
8376165817
9494514161
9137543706
8737679675
9017174662
8802636072
7281690078
8319406248
8790727837
6891396197
7063657893
9573239780
9095695876
8410570725
8886746114
8008642576
8386934917
8187979103
8123419706
9351171263
9698794175
6626201376
8728672431
8169869024
8466246124
9417710557
9932043537
6868787845
8051908041
7626184929
9004123666
7641612585
9444260316
8881907562
6767648461
7673955680
8441806982
6874622204
7159802946
7295423466
9604211934
6627069501
7400878971
7773328122
8083584135
6639105815
8335080228
9329218243
6813866223
8738842110
9674244465
8447814801
7126658563
9933847351
8375265182
9373564292
6734017172
9712600481
8383900600
7149696080
9255480395
8321644643
7499748574
8352967392
9907156706
7483430019
7076333124
8701175406
8863366001
7039254570
8766340716
9962980804
8007626577
8207339084
7853183152
7417004975
8986530998
8735410897
9363545079
8175343478
7091820530
7280677687
9622173410
9672784237
9731458523
9706655977
7193399512
8412821637
9466657094
9117609532
7113148060
7730537221
8495467137
7039184851
9096668317
8592644582
9255864209
9003375794
7769612084
9175374794
7203041945
9732991223
9203504300
7266254852
6858869836
7067700727
7710427467
8641857648
9057800994
6944842086
7620358730
8833683261
7866736232
6943375464
7590026462
8129979422
6864711619
7357544684
8577153054
9944402045
9149130950
7750656050
7622503785
9284036974
8073136827
8238946322
7230713612
9767280935
6793485584
7790931305
9402552738
9869538614
9149162438
8996040818
6631741458
9547281460
7292244734
8037792639
7393254882
6718054184
7959187019
9466978322
7824582028
8145452434
8151416804
8426252737
9101213618
9750606327
8213398473
8753916769
8655289556
8287173182
7972511914
6682534677
8559652199
9307711320
8085482400
8712102820
9325421126
9467289727
7845797557
9638074460
7784812757
8855034913
9389145972
7093983847
6721735980
7594669298
9223331110
8399583211
6690364058
8361586834
8712958544
9979004226
7722405083
7646932861
7995182412
6668684738
8231291809
6663619201
7974271045
8373980053
7469402644
9232778212
9019299282
9377384024
7986557273
6978697344
9086840169
6880311248
6881929858
8127118704
9622224346
9328960582
7948910550
6911146510
9452415362
7539861322
8043227935
8446941557
9504859078
7541930245
7730197823
8480539492
8422216468
9335929035
7836204889
9206457597
9009892248
7879654849
9186025102
7993178881
6733525726
9407363508
8329723022
8860699190
9715278068
7014149526
7123674693
8082039794
7459740063
8041545351
7921081440
9549818973
6841746263
9096150625
9989280270
7961616116
7802791218
9476812767
9869447793
6785122483
7779568657
7559997174
6943033742
6968159988
7804279156
6804285688
7221744509
9654832614
8389059914
9173809422
8521763955
6646023336
8207868664
9721454584
7248343622
8596839099
7679774540
8639519226
7195901088
9391242521
8511348170
8579208951
8570146803
7750277705
8634735070
6879656365
7844046758
8156031956
9077803375
8889030076
7268245753
7059951449
9139671278
7053135140
8736346615
6875800153
6861318061
8097863403
8663825107
9426736867
6798697281
7629892835
9725295748
8321928844
6784256856
7179368373
8103597918
7643994849
8482989034
6825436066
9596078779
9662250881
9915905354
7515738595
9275340000
8844029116
7415741788
6696549696
9981090142
9175247181
9900439110
8629802809
6632506975
8323100631
8369907833
6986335370
7582932446
7387715085
9470770371
9326431440
9275701317
9627566429
9650882470
8382653841
8470666476
8411864616
6922588727
9470892800
8385686612
9630793890
9538901090
9768323053
6960429198
9289458504
8258129122
8043319789
8077556603
9041222326
7696643365
9914093837
7590089666
7914623240
7147888459
9363363881
9319802205
9777890425
8409600690
8340208899
7965235698
7589878395
7348645922
9375706736
9669669571
9658715703
7976330339
8902185430
9638991807
7179152566
9104010080
9879453536
8830109600
7811350932
7086054143
9237206648
9265068693
8872643775
9545006945
9838172862
8456236142
8710655834
6947505677
9601431513
8853958002
8781681218
8351492658
7165065663
7140808582
9743807857
8490802947
7839183360
9899011959
7862166288
7117061048
8047139495
7344934613
9548137365
8521316710
9025142037
8030897743
7952282917
7926748303
7058547517
8928193015
8587064458
6874170517
9257782808
9992686916
6659601750
8932380036
7372575588
6681641634
6785266484
7053058632
6606136121
9377205012
7063327777
9681888845
7441482050
9027179113
9901196188
7232323132
8468963381
7062739372
9636856247
8594175543
7309770743
8784398658
6732824329
9555230270
8631137564
9534065700
7144809596
9134564404
9449633226
9679681684
8623740707
7138825245
9683665134
7220739870
9196211652
9938929988
9234430243
8437858808
7279649932
9216976351
9380720097
7225083611
6700135674
6891151029
9406605938
8323281345
9772299882
7021093419
8980610945
9245917671
7073156047
6686491941
9913324733
8923889955
8162941356
9826634428
8680388960
9423458302
6819854578
8940629533
8203996337
8386585356
9111784124
7080931431
8241746816
7967228958
7420347290
6705716349
6884970174
6621493976
6818960767
7725610298
8145266952
9849774166
9603611137
9194933793
9848578312
8168233490
8964266903
9708066741
8033942317
9681859781
8261722062
8162796480
8585149932
8276937410
7837297327
8892219694
9182638030
8117895780
8902913692
9254831015
6602628685
8703075121
8712065902
7469187139
8139411769
7696546512
6788478116
8289816539
8584524525
9055799579
7473963754
6814871183
6627147212
9533893460
7826199914
6733619575
6798520205
9010578302
7987232104
7251736885
8233288274
6706741142
8612648109
9988153715
6819469651
6623290397
8256914890
9669771429
8317121441
6610885788
7667462967
6696907498
9807987651
8041560202
7889343884
9912684785
9272682730
9221084421
8987070398
7677140435
9371869475
8069060317
9222518302
8269896502
9858092258
9831712701
7640433848
9640735001
9655443552
9802897264
9367532372
7861989329
6982637561
7476240485
7168500376
8301177480
9685818505
7369639158
8182728473
8801507104
9103326028
8265491122
7393882655
7874573376
8831204355
8383393526
8343360424
8691592271
9850854331
7989079641
8146098353
9068518298
9899730908
6785488493
8315302822
7985625018
7002410450
8809787632
9386865806
6948342737
7504656865
8424840457
8391291326
8909931712
9709136204
9896657236
9572822068
8010410506
8279319299
7027755928
7439731119
9246379462
8819446558
8545578279
9574121480
8428298515
8342507459
8839692068
8405846917
7252084398
9616855627
8212078617
9161429833
8992123791
9580200815
8104781115
8667638630
9859987311
7412472523
7437924922
9628174166
9103754384
9235477941
8288401078
7816815112
9737163748
8834224564
9789738968
8603051803
7688122157
7023224840
7409243560
7995988004
6846860144
7233296585
8854884402
7005537108
6939296443
8053957260
8449691545
8768850191
7800600012
6826326217
9955998164
8556406472
7194488077
8868545956
9217024261
7045121148
7402415145
8649669769
8915930563
8239319077
7458768731
8216414324
7252926944
8148991967
9646449784
8997701962
8910815114
8424828310
7694648481
6682810104
9480669353
7931705063
6711539080
9423001350
7148504606
9060672387
8838610759
7282086427
8384471956
8159214044
8921273307
9058820293
7331607681
9351165132
8225926522
8496287811
7441330014
8617479362
9777048651
7804164659
8725040456
8749191724
8941498387
9498049707
9699838121
7876193923
8582436909
9423329087
7686999479
8531951779
8225324066
7769592764
8191563430
7623674910
8974494421
8767129163
7484035564
7446447605
9897065082
6762638502
7411674334
7566097264
9046143196
9940693629
9057356599
8222342598
9456559581
7970232283
7739927812
8080282570
7678058980
9345831602
6805962703
8978212759
9533901422
8326884622
9428809306
9256665511
9909906100
9292726589
8575246517
9139655354
7073383576
9708457257
9448020672
8987631694
9396870442
6704146512
9360475005
7251793242
7219698995
9157559919
7484886205
7860191342
8662955766
8317479312
8835754760
8094117187
9988361725
9523867490
9258362849
9281935123
7093806896
7545487896
8025198131
8587565368
8203092182
7321793932
9654517597
7543431070
7716129102
8724475354
6991134564
9215956608
9743597610
7404976228
7063112443
9393355068
9028206045
9138467191
8535958852
8359168794
7129867573
7539493361
9224867988
7524639980
6835633733
9973004663
9384636216
9914255507
7709465265
9292856716
7172924828
7073503467
9161994995
7743428377
9075082454
9582810801
9547067986
6647944610
9438593066
9155413285
7843431453
8064908960
7590853887
7867638967
9626300889
8347480796
6709152250
6617338196
8445768471
9335133848
7425775551
9196199090
7955418144
6802389584
8478134146
9616072698
9515742571
8254670060
7002713248
9924315107
7502410103
8601840171
8844253423
7935558474
6894658989
8925896517
8541111396
9197320627
9417430575
6666201767
7518818000
6702079130
8255634834
9917650105
9514701476
9914356165
7603884778
7832294553
8716023646
8167458416
9722021549
8427820372
8597665268
7678087132
8348225772
9916282032
7844750350
9037182062
9467196596
9931941380
7652580883
9280449986
7094944542
8886706929
7692624345
9298237050
8233683613
8008529319
8918352101
8343863189
8172495709
9367853968
7640532677
8926774078
9608676569
9593594755
9071420389
9975346310
7046103778
7314855306
9947365810
8063138856
8124183844
7032902897
9408443560
7368747123
9114815312
7829583055
7614562020
9302645804
7455132045
7159821511
8533353247
7523551089
6779566091
7955990504
8555601997
8773844677
7955054904
8550340699
6822118268
7407322542
8741403047
8728858511
6769159085
6738497860
7445146093
7780447394
7992271242
6812592826
9837279097
8660324971
9670109541
8122175926
7712752038
9685898914
7257184522
8007300188
8443956208
8200672436
7541404813
9062806617
9540697489
9478110340
7552556432
8496221283
7429489705
9150878492
6940104594
8972132589
7947252601
6672852062
8657723800
8956412323
6932765132
9706348301
9215800280
8005114173
9462806902
9768747273
9728916586
8737539767
6724053949
8031306396
6978812294
8597823311
9659759813
9425707929
8539879760
9349434969
6643610394
9060756452
7543769723
7965075145
9858631591
7235444855
8404778654
9344507117
6999773282
9064730642
8651867641
8403896788
9801332123
7609115845
9730684598
9977275592
7412362177
6992407629
8071066564
9694119542
9215760638
9731493266
9627564753
7560012135
7734090539
9232434591
7066274209
8667430964
8469880677
6730776398
9095968644
7190035911
9603941314
7093547373
7779706304
6669486382
9648944898
8847477212
7644316941
7842030254
9002676862
8388970729
9049978210
8435966582
8546223296
9956146508
9599816084
8421803940
9224006396
6908014949
9136887670
7718383968
8850648206
7518724157
7328845360
9835965407
7336218502
8983277534
9147195065
7097075091
7324104850
6924129163
9045175916
7798759642
7524266272
7533311532
8897802412
8267097887
6900771974
9060960161
9660400505
6713922844
9567926347
8055265656
7710151378
8980556822
8585006692
8316885103
6968854949
6739111775
7000206271
7751575337
9215052759
8660381326
9774993633
6697276623
9439760756
8578134154
9106617482
8638957487
9138306327
9008601899
7569100372
7854597189
8379564812
8277082641
9880909866
8691542997
7166496077
9435539517
8203289491
7302741472
7172165835
6664316003
9553933599
6741932788
6819669399
7679370137
9171846155
9714587218
9751512261
7709348146
7569809863
8475354491
9962603677
8188615847
8027979372
6984925170
9608577356
7257576692
7736938144
7084884005
6699756539
7665778146
9706378999
7146490796
7648930109
9918322077
6813250541
7383292230
7867624874
8521983476
6748493944
9369893705
7463607465
6753245174
6766793224
7716380334
9112557615
9553498604
7762321535
7768934115
9308763590
9532883769
9829830092
9371755656
7402767735
7784100299
7523486435
7025493057
8145537633
7818846480
8811827231
9435903213
8364760580
9996120005
9168649621
9594411742
8549613194
7937884285
8831065711
8718611964
7215940044
8954930704
7690714364
8830118074
8612323944
8565658890
7739533998
8222931335
8660557187
9832772751
7464889738
8089570303
6806474467
7231546738
6677153993
7288940948
8209242380
7577687418
9779551155
9366532035
7130552162
6764749253
6626638968
6864897706
9219085863
9925888487
9367787792
8526930798
9054868005
6955514789
9122943404
8116365046
7220969810
8814304381
8589183058
8604649057
8121441638
7926923822
6648325261
7507991773
8982607993
7875058099
7398489127
9092010484
7776205662
9316692904
7558777166
6791348281
7552623513
8763697092
8121841613
6677228038
8049038811
7678494489
7271756544
9740518074
9131985136
9372983085
7323303506
7017756383
8896370178
6841940250
8730504183
6898326900
8165022543
8666378885
7536319141
6800182349
9413201561
8119495146
9604122198
7840371508
9965343240
8359632706
7953345778
7171867104
9555819380
8911070631
9125954859
7161990689
8770914115
8810535465
9427116685
8605609119
8128476090
7427490561
7000713581
6704000298
8419815942
7532103375
8230563014
9084902455
6647127187
8009079066
6620823597
7879164542
7582065272
9434707332
8607246997
7041472940
6638163095
9915856513
8524602882
8121734248
8756829799
6793411032
9717221627
9050144616
9161502455
7238700736
7026852557
8271735947
8916625955
7053169200
8914361681
7926647530
6884759876
8206435844
9771974753
9931581791
6977156105
9113947638
6903471873
7930834980
9607205498
7391641649
6662557138
8064461769
9822773024
7081789738
8616552300
9478830743
8952767406
8948681523
8214834877
9317275855
9464635296
